IP: 127.0.0.1, Date & Time: 2023-08-08 14:11:56.118213, Email: kevin@email.com
IP: 127.0.0.1, Date & Time: 2023-08-08 14:12:59.437398, Email: kevin@email.com
IP: 127.0.0.1, Date & Time: 2023-08-08 14:12:59.437398, Email: kevin@email.com
